Mongo:	1.5 GB	50% cache	4836.546538138475 op/s
Redis:	1.5 GB	50% cache	84.39915600843992 op/s
________________________________________________________

Mongo:  1 GB	100% cache	1519.9636055804776 op/s
Redis:	2 GB	0% cache	24672.23221294631 op/s



